#!/bin/sh
export HISTFILE=~/.config/zsh/history
export HISTSIZE=10000
export SAVEHIST=10000
export PATH="$HOME/.local/bin":$PATH
export MANPAGER='nvim +Man!'
export MANWIDTH=999
setopt append_history
setopt extended_history
setopt inc_append_history
export PATH=$HOME/.cargo/bin:$PATH
export PATH=$HOME/.local/share/go/bin:$PATH
export GOPATH=$HOME/.local/share/go
export GOBIN=$HOME/.local/share/go/bin
export VISUAL=nvim
# export PATH=$HOME/.fnm:$PATH
# export PATH="$PATH:./node_modules/.bin"
# eval "$(fnm env)"
# eval "$(zoxide init zsh)"
# eval "`pip completion --zsh`"

# export LS_COLORS='db=0;38;2;154;237;254;48;2;51;51;51:or=0;38;2;0;0;0;48;2;255;92;87:sg=0:ln=0;38;2;255;106;193:st=0:so=0;38;2;0;0;0;48;2;255;106;193:mh=0:ca=0:do=0;38;2;0;0;0;48;2;255;106;193:pi=0;38;2;0;0;0;48;2;87;199;255:cd=0;38;2;255;106;193;48;2;51;51;51:ow=0:fi=0:di=0;38;2;87;199;255:ex=1;38;2;255;92;87:*~=0;38;2;102;102;102:mi=0;38;2;0;0;0;48;2;255;92;87:no=0:tw=0:su=0:rs=0:*.t=0;38;2;90;247;142:*.p=0;38;2;90;247;142:*.d=0;38;2;90;247;142:*.h=0;38;2;90;247;142:*.z=4;38;2;154;237;254:*.o=0;38;2;102;102;102:*.m=0;38;2;90;247;142:*.c=0;38;2;90;247;142:*.r=0;38;2;90;247;142:*.a=1;38;2;255;92;87:*.vb=0;38;2;90;247;142:*.jl=0;38;2;90;247;142:*.kt=0;38;2;90;247;142:*.ts=0;38;2;90;247;142:*.la=0;38;2;102;102;102:*.cc=0;38;2;90;247;142:*.gz=4;38;2;154;237;254:*.hh=0;38;2;90;247;142:*.cs=0;38;2;90;247;142:*.as=0;38;2;90;247;142:*.pl=0;38;2;90;247;142:*.ko=1;38;2;255;92;87:*.cr=0;38;2;90;247;142:*css=0;38;2;90;247;142:*.el=0;38;2;90;247;142:*.lo=0;38;2;102;102;102:*.md=0;38;2;243;249;157:*.ll=0;38;2;90;247;142:*.rb=0;38;2;90;247;142:*.ml=0;38;2;90;247;142:*.pp=0;38;2;90;247;142:*.nb=0;38;2;90;247;142:*.di=0;38;2;90;247;142:*.xz=4;38;2;154;237;254:*.bz=4;38;2;154;237;254:*.ui=0;38;2;243;249;157:*.go=0;38;2;90;247;142:*.cp=0;38;2;90;247;142:*.js=0;38;2;90;247;142:*.so=1;38;2;255;92;87:*.bc=0;38;2;102;102;102:*.ps=0;38;2;255;92;87:*.rm=0;38;2;255;180;223:*.py=0;38;2;90;247;142:*.7z=4;38;2;154;237;254:*.ex=0;38;2;90;247;142:*.gv=0;38;2;90;247;142:*.td=0;38;2;90;247;142:*.mn=0;38;2;90;247;142:*.wv=0;38;2;255;180;223:*.rs=0;38;2;90;247;142:*.hi=0;38;2;102;102;102:*.fs=0;38;2;90;247;142:*.pm=0;38;2;90;247;142:*.hs=0;38;2;90;247;142:*.sh=0;38;2;90;247;142:*.pid=0;38;2;102;102;102:*.fsx=0;38;2;90;247;142:*.idx=0;38;2;102;102;102:*.tmp=0;38;2;102;102;102:*.csx=0;38;2;90;247;142:*.awk=0;38;2;90;247;142:*.pyc=0;38;2;102;102;102:*.pro=0;38;2;165;255;195:*.aif=0;38;2;255;180;223:*.bat=1;38;2;255;92;87:*.odt=0;38;2;255;92;87:*.wav=0;38;2;255;180;223:*.bcf=0;38;2;102;102;102:*.fnt=0;38;2;255;180;223:*.doc=0;38;2;255;92;87:*.yml=0;38;2;243;249;157:*.mp3=0;38;2;255;180;223:*.dpr=0;38;2;90;247;142:*.vcd=4;38;2;154;237;254:*.xls=0;38;2;255;92;87:*.eps=0;38;2;255;180;223:*.asa=0;38;2;90;247;142:*.ppm=0;38;2;255;180;223:*.bmp=0;38;2;255;180;223:*.pas=0;38;2;90;247;142:*.ps1=0;38;2;90;247;142:*.zsh=0;38;2;90;247;142:*.ogg=0;38;2;255;180;223:*.otf=0;38;2;255;180;223:*.vim=0;38;2;90;247;142:*.tex=0;38;2;90;247;142:*.jpg=0;38;2;255;180;223:*.wma=0;38;2;255;180;223:*.tml=0;38;2;243;249;157:*.kts=0;38;2;90;247;142:*.tgz=4;38;2;154;237;254:*.lua=0;38;2;90;247;142:*.tsx=0;38;2;90;247;142:*.cgi=0;38;2;90;247;142:*.rar=4;38;2;154;237;254:*.png=0;38;2;255;180;223:*.mp4=0;38;2;255;180;223:*.xml=0;38;2;243;249;157:*.odp=0;38;2;255;92;87:*.log=0;38;2;102;102;102:*.pyd=0;38;2;102;102;102:*.img=4;38;2;154;237;254:*.dll=1;38;2;255;92;87:*.avi=0;38;2;255;180;223:*.deb=4;38;2;154;237;254:*.cpp=0;38;2;90;247;142:*.erl=0;38;2;90;247;142:*.sxw=0;38;2;255;92;87:*.tcl=0;38;2;90;247;142:*.xlr=0;38;2;255;92;87:*.c++=0;38;2;90;247;142:*.pkg=4;38;2;154;237;254:*.git=0;38;2;102;102;102:*.bib=0;38;2;243;249;157:*.toc=0;38;2;102;102;102:*.inl=0;38;2;90;247;142:*.clj=0;38;2;90;247;142:*.ilg=0;38;2;102;102;102:*.ini=0;38;2;243;249;157:*.def=0;38;2;90;247;142:*.hpp=0;38;2;90;247;142:*.cfg=0;38;2;243;249;157:*.aux=0;38;2;102;102;102:*.bin=4;38;2;154;237;254:*.pdf=0;38;2;255;92;87:*.hxx=0;38;2;90;247;142:*.kex=0;38;2;255;92;87:*.mkv=0;38;2;255;180;223:*.pyo=0;38;2;102;102;102:*.ppt=0;38;2;255;92;87:*.xmp=0;38;2;243;249;157:*.h++=0;38;2;90;247;142:*.bak=0;38;2;102;102;102:*.php=0;38;2;90;247;142:*.zip=4;38;2;154;237;254:*.bag=4;38;2;154;237;254:*.bz2=4;38;2;154;237;254:*.mov=0;38;2;255;180;223:*.fls=0;38;2;102;102;102:*.svg=0;38;2;255;180;223:*.dox=0;38;2;165;255;195:*.bst=0;38;2;243;249;157:*.ind=0;38;2;102;102;102:*.mid=0;38;2;255;180;223:*.pps=0;38;2;255;92;87:*.exe=1;38;2;255;92;87:*.txt=0;38;2;243;249;157:*.m4a=0;38;2;255;180;223:*.tif=0;38;2;255;180;223:*.bbl=0;38;2;102;102;102:*.blg=0;38;2;102;102;102:*hgrc=0;38;2;165;255;195:*.mir=0;38;2;90;247;142:*.gvy=0;38;2;90;247;142:*.cxx=0;38;2;90;247;142:*.htc=0;38;2;90;247;142:*.fon=0;38;2;255;180;223:*.inc=0;38;2;90;247;142:*.pbm=0;38;2;255;180;223:*.htm=0;38;2;243;249;157:*.com=1;38;2;255;92;87:*.bsh=0;38;2;90;247;142:*.mli=0;38;2;90;247;142:*.ttf=0;38;2;255;180;223:*.epp=0;38;2;90;247;142:*.fsi=0;38;2;90;247;142:*.ics=0;38;2;255;92;87:*.dmg=4;38;2;154;237;254:*.vob=0;38;2;255;180;223:*.wmv=0;38;2;255;180;223:*.iso=4;38;2;154;237;254:*.ico=0;38;2;255;180;223:*.swf=0;38;2;255;180;223:*.rtf=0;38;2;255;92;87:*.apk=4;38;2;154;237;254:*.ods=0;38;2;255;92;87:*.nix=0;38;2;243;249;157:*.pgm=0;38;2;255;180;223:*.tar=4;38;2;154;237;254:*.mpg=0;38;2;255;180;223:*.sty=0;38;2;102;102;102:*.out=0;38;2;102;102;102:*.dot=0;38;2;90;247;142:*.rst=0;38;2;243;249;157:*.gif=0;38;2;255;180;223:*.rpm=4;38;2;154;237;254:*.csv=0;38;2;243;249;157:*.swp=0;38;2;102;102;102:*.flv=0;38;2;255;180;223:*.ipp=0;38;2;90;247;142:*.sxi=0;38;2;255;92;87:*.sql=0;38;2;90;247;142:*.pod=0;38;2;90;247;142:*TODO=1:*.jar=4;38;2;154;237;254:*.xcf=0;38;2;255;180;223:*.exs=0;38;2;90;247;142:*.m4v=0;38;2;255;180;223:*.tbz=4;38;2;154;237;254:*.elm=0;38;2;90;247;142:*.ltx=0;38;2;90;247;142:*.psd=0;38;2;255;180;223:*.sbt=0;38;2;90;247;142:*.zst=4;38;2;154;237;254:*.arj=4;38;2;154;237;254:*.rlib=0;38;2;102;102;102:*.hgrc=0;38;2;165;255;195:*.psd1=0;38;2;90;247;142:*.json=0;38;2;243;249;157:*.conf=0;38;2;243;249;157:*.tbz2=4;38;2;154;237;254:*.yaml=0;38;2;243;249;157:*.psm1=0;38;2;90;247;142:*.lisp=0;38;2;90;247;142:*.webm=0;38;2;255;180;223:*.pptx=0;38;2;255;92;87:*.orig=0;38;2;102;102;102:*.toml=0;38;2;243;249;157:*.jpeg=0;38;2;255;180;223:*.epub=0;38;2;255;92;87:*.flac=0;38;2;255;180;223:*.less=0;38;2;90;247;142:*.tiff=0;38;2;255;180;223:*.purs=0;38;2;90;247;142:*.docx=0;38;2;255;92;87:*.xlsx=0;38;2;255;92;87:*.bash=0;38;2;90;247;142:*.java=0;38;2;90;247;142:*.lock=0;38;2;102;102;102:*.make=0;38;2;165;255;195:*.dart=0;38;2;90;247;142:*.opus=0;38;2;255;180;223:*.mpeg=0;38;2;255;180;223:*.diff=0;38;2;90;247;142:*.h264=0;38;2;255;180;223:*.html=0;38;2;243;249;157:*.fish=0;38;2;90;247;142:*.ipynb=0;38;2;90;247;142:*.scala=0;38;2;90;247;142:*passwd=0;38;2;243;249;157:*shadow=0;38;2;243;249;157:*.cmake=0;38;2;165;255;195:*.xhtml=0;38;2;243;249;157:*.class=0;38;2;102;102;102:*.patch=0;38;2;90;247;142:*.toast=4;38;2;154;237;254:*README=0;38;2;40;42;54;48;2;243;249;157:*.cache=0;38;2;102;102;102:*.swift=0;38;2;90;247;142:*.dyn_o=0;38;2;102;102;102:*.shtml=0;38;2;243;249;157:*.mdown=0;38;2;243;249;157:*.cabal=0;38;2;90;247;142:*LICENSE=0;38;2;153;153;153:*.ignore=0;38;2;165;255;195:*INSTALL=0;38;2;40;42;54;48;2;243;249;157:*COPYING=0;38;2;153;153;153:*TODO.md=1:*.groovy=0;38;2;90;247;142:*.config=0;38;2;243;249;157:*.dyn_hi=0;38;2;102;102;102:*.flake8=0;38;2;165;255;195:*.matlab=0;38;2;90;247;142:*.gradle=0;38;2;90;247;142:*.desktop=0;38;2;243;249;157:*Doxyfile=0;38;2;165;255;195:*TODO.txt=1:*setup.py=0;38;2;165;255;195:*.gemspec=0;38;2;165;255;195:*Makefile=0;38;2;165;255;195:*.DS_Store=0;38;2;102;102;102:*README.md=0;38;2;40;42;54;48;2;243;249;157:*COPYRIGHT=0;38;2;153;153;153:*.cmake.in=0;38;2;165;255;195:*.fdignore=0;38;2;165;255;195:*configure=0;38;2;165;255;195:*.markdown=0;38;2;243;249;157:*.rgignore=0;38;2;165;255;195:*.kdevelop=0;38;2;165;255;195:*SConstruct=0;38;2;165;255;195:*CODEOWNERS=0;38;2;165;255;195:*README.txt=0;38;2;40;42;54;48;2;243;249;157:*Dockerfile=0;38;2;243;249;157:*.gitignore=0;38;2;165;255;195:*.localized=0;38;2;102;102;102:*INSTALL.md=0;38;2;40;42;54;48;2;243;249;157:*.scons_opt=0;38;2;102;102;102:*.gitconfig=0;38;2;165;255;195:*SConscript=0;38;2;165;255;195:*.gitmodules=0;38;2;165;255;195:*.synctex.gz=0;38;2;102;102;102:*INSTALL.txt=0;38;2;40;42;54;48;2;243;249;157:*Makefile.in=0;38;2;102;102;102:*.travis.yml=0;38;2;90;247;142:*MANIFEST.in=0;38;2;165;255;195:*Makefile.am=0;38;2;165;255;195:*LICENSE-MIT=0;38;2;153;153;153:*appveyor.yml=0;38;2;90;247;142:*configure.ac=0;38;2;165;255;195:*.applescript=0;38;2;90;247;142:*CONTRIBUTORS=0;38;2;40;42;54;48;2;243;249;157:*.fdb_latexmk=0;38;2;102;102;102:*.clang-format=0;38;2;165;255;195:*.gitattributes=0;38;2;165;255;195:*CMakeLists.txt=0;38;2;165;255;195:*LICENSE-APACHE=0;38;2;153;153;153:*CMakeCache.txt=0;38;2;102;102;102:*CONTRIBUTORS.md=0;38;2;40;42;54;48;2;243;249;157:*requirements.txt=0;38;2;165;255;195:*.sconsign.dblite=0;38;2;102;102;102:*CONTRIBUTORS.txt=0;38;2;40;42;54;48;2;243;249;157:*package-lock.json=0;38;2;102;102;102:*.CFUserTextEncoding=0;38;2;102;102;102'
export EXA_COLORS='di=1;36:da=1;36'

# >>> conda initialize >>>
# !! Contents within this block are managed by 'conda init' !!
# __conda_setup="$("$HOME/.miniconda/bin/conda" 'shell.zsh' 'hook' 2> /dev/null)"
# if [ $? -eq 0 ]; then
#     eval "$__conda_setup"
# else
#     if [ -f "$HOME/.miniconda/etc/profile.d/conda.sh" ]; then
#         . "$HOME/.miniconda/etc/profile.d/conda.sh"
#     else
#         export PATH="$HOME/.miniconda/bin:$PATH"
#     fi
# fi
# unset __conda_setup
# <<< conda initialize <<<#!/bin/sh
